1101001010011101
0100100100110010
1010100000011101
0000010111001001
1110110101100110
0110010111110101
1010001001110110
1101001011110011
1001111101101101
0101000101001011
1010101010111001
1001111010101100
0011111011100000
1101001101100100
0011000011011111
0010010110011010
1011001000011101
0111110011111011
1000110111001111
1000000001001010
0110000101011001
0101110101011110
1011011110011101
0001111001000100
0011110100010000
0110101001100001
1000111110110001
0101001011001011
1101000110011110
0011001110110110
0001101011110100
1110111110001000
0111011101000100
0011000110100010
1000101011101010
1100101110111101
1001101110011000
0010001101010101
1111010010110011
1111010010011100
0111011111100011
1101000100010000
1010001111100000
0010101101100100
1011010100010100
1001001100111011
1101110101110100
0100111000000101
0011011111110110
0001000101111010
0010100010011110
1111100001100110
0110001100101001
0001101001101100
0111001011001010
0011100001001011
1101000100010100
0100001100100111
1110000111111101
0100011000100110
0001100110101011
0000101100100110
1010001111000110
0000110010000101

